100
6780.519698 4860.338527
7205.000000 6830.253620
12753.363802 27186.974447
16702.317157 24549.263164
20174.000000 16652.000000
22035.905335 23103.350118
23056.000000 20698.312784
24345.337496 2895.585569
24497.000000 1296.068447
24497.000000 8046.088829
25624.620063 24301.097745
29537.880920 11594.527212
31987.497738 19971.538446
35888.057565 22755.177005
39801.135335 18824.000000
40599.689681 24426.315757
48994.000000 19032.646295
52342.599819 15969.400685
56199.000000 17417.683665
57640.000000 11700.717163
12663.803532 34854.226344
14549.233335 35640.361223
17751.313603 33304.000000
21491.624171 34380.074531
23056.000000 33518.663988
24497.000000 35534.270571
25938.000000 30157.651125
27135.604465 28490.311547
28467.761353 28603.576827
29706.763479 30853.573138
30710.298891 30501.555600
31702.000000 33516.954947
34584.000000 28156.704952
34884.002568 31253.080197
36242.287260 33878.628864
37466.000000 33062.093020
40348.000000 34160.441840
41789.000000 31351.225621
42155.844990 31829.491891
52314.811884 33917.764121
5047.964148 37648.000000
15851.000000 39070.992982
17646.577192 39452.299635
19050.576763 41034.641596
22544.858824 39609.624166
26126.488647 37648.000000
27379.000000 39521.045969
30261.000000 39138.535478
31702.000000 37136.066862
33143.000000 37848.261991
33145.435428 39838.700082
35201.144846 38475.857226
36025.000000 39268.105081
37466.000000 36652.320146
38292.022988 38053.893227
39383.120167 38617.566966
42651.120076 38662.845985
46996.787524 38206.914410
48720.385840 39370.943306
50039.275042 37392.941859
11004.934277 46336.000000
17506.835237 47568.121149
22813.891335 43440.000000
23058.050852 45742.073357
24497.000000 43951.257154
24497.000000 46488.373954
25944.871893 47784.000000
27784.807276 46152.885673
29385.400726 44319.852706
30261.000000 47760.033859
30348.762150 47469.256204
31702.000000 44915.234452
31921.408129 45700.312429
33143.000000 44124.963041
33143.928209 46201.595270
34584.000000 44711.565725
36814.723670 43440.000000
40446.591763 41992.000000
43513.488605 43440.000000
49128.895515 42398.652405
3137.552024 54253.619715
5764.000000 53250.937386
7354.766716 53425.505756
12769.600911 53576.000000
18131.046960 51284.877170
19014.279723 53293.353894
21615.000000 51861.376413
23295.301980 51887.535554
26905.649312 52149.049696
29941.391961 50195.481832
30261.000000 50826.472760
31564.067524 48063.142174
31702.000000 49719.263790
31702.000000 52714.323392
33143.000000 49911.123001
33409.283858 47784.000000
34584.000000 51348.053843
36025.000000 48569.086183
37466.000000 49382.280845
38907.000000 49273.759083
