200
24497     0
24497    10
 7205  1448
24497  1448
 7205  4344
57640  4344
24497  5792
 7205  7240
30261  8688
24497 10136
56199 10136
14410 13032
21615 13032
53317 13032
28820 14480
57640 14480
23056 15928
51876 17376
23056 18824
31702 18824
34584 18824
37466 18824
40348 18824
48994 18824
18733 20272
46112 20272
23056 21720
48994 21720
10087 23168
24497 23168
36025 23168
 4323 24616
25938 24616
33143 24616
40348 24616
56199 24616
21615 26064
12969 27512
17292 27512
23056 27512
25938 27512
27379 27512
27389 27512
30261 27512
31702 27512
34584 27512
43230 27512
28820 28960
34584 28960
36025 28960
37466 28960
40348 28960
15851 30408
20174 30408
41789 30408
23056 31856
24497 31856
25938 31856
30261 31856
34584 31856
37466 31856
41789 31856
17292 33304
18733 33304
25938 33304
31702 33304
37466 33304
41789 33304
54758 33304
12969 34752
21615 34752
23056 34752
31702 34752
36025 34752
40348 34752
48994 34752
 8646 36200
14410 36200
24497 36200
28820 36200
31702 36200
37466 36200
38907 36200
50435 36200
 2882 37648
 7205 37648
15851 37648
20174 37648
25938 37648
27379 37648
30261 37648
31702 37648
33143 37648
33153 37648
36025 37648
37466 37648
40348 37648
44671 37648
47553 37648
17292 39096
23056 39096
27379 39096
33143 39096
34584 39096
36025 39096
38907 39096
41789 39096
48994 39096
15851 40544
18733 40544
30261 40544
33143 40544
36025 40544
37466 40544
44671 40544
47553 40544
48994 40544
18733 41992
20174 41992
27379 41992
28820 41992
31702 41992
33143 41992
34584 41992
40348 41992
41789 41992
48994 41992
21615 43440
23056 43440
23066 43440
24497 43440
30261 43440
31702 43440
33143 43440
36025 43440
38907 43440
43230 43440
44671 43440
24497 44888
28820 44888
33143 44888
33153 44888
10087 46336
14410 46336
18733 46336
23056 46336
24497 46336
30261 46336
31702 46336
31712 46336
33143 46336
34584 46336
50435 46336
17292 47784
24497 47784
25938 47784
25948 47784
27379 47784
30261 47784
30271 47784
31702 47784
33143 47784
33153 47784
34584 47784
36025 47784
37466 47784
38907 47784
21615 49232
25938 49232
30261 49232
31702 49232
34584 49232
 4323 50680
18733 50680
24497 50680
30261 50680
30271 50680
31702 50680
36025 50680
38907 50680
 5764 52128
 8646 52128
17292 52128
20174 52128
21615 52128
30261 52128
31702 52128
33143 52128
34584 52128
37466 52128
 5764 53576
 7205 53576
11528 53576
14410 53576
18733 53576
21615 53576
27379 53576
28820 53576
31702 53576
 2882 55024
