25
12636.458666 19644.937323
22994.534778 18316.494403
25109.378582 13461.033597
35977.228047 21761.232473
54465.361743 14583.894817
16506.581868 34491.875431
25889.015264 30419.914066
30357.653722 31045.622535
36139.999010 31567.076132
44386.053399 32801.278396
16426.282935 39421.335995
25369.507032 39226.369325
32669.659200 38251.496820
37849.577610 38326.663893
45698.532454 38341.097688
20768.868324 45081.383853
25455.421410 46525.809402
30305.016305 47419.112486
33111.914338 45662.965076
43694.252316 42765.665419
7921.644053 53604.716499
20487.772224 51738.538989
30630.362612 49230.520041
32246.728387 50584.339668
36425.403965 49852.413015
