20
12944.330389 19522.690462
23487.769950 14749.226168
31004.306839 21458.349354
49728.492698 17946.318136
18262.371247 34230.973732
27200.416014 29683.344889
32659.905655 31322.779442
42235.109422 32882.346795
19237.531679 39507.847120
30240.587168 38106.082073
35623.768986 38814.054724
44607.978078 38388.838796
21747.098038 44784.848319
28875.463979 47422.816531
32361.143193 45963.285683
42755.672541 42966.140950
12890.344693 52475.699722
25061.003075 51526.124012
31592.466525 49745.987221
36010.099570 49567.603065

0.000000 8903853407245626843493707221703376513595950986240116391735329062753888210237003928024040790857134373628943152636311866168976206608066111663530654092103314449883550435283759917967614975530939617776691667866932383618930089459464400884979347374649779421184.000000

